12.0 3.8400110911307736e-07 4.064803726865698e-08
15.0 4.3258269155909436e-07 9.42876983249942e-08
21.0 4.906261653406628e-07 6.400500493110648e-08
25.0 3.4965034965034963e-07 8.736983267405599e-08
32.0 4.426069962807713e-07 1.779816025698197e-08
38.0 3.5413747248642e-07 1.0020146436046776e-07
44.0 4.837233515537754e-07 2.570173891869652e-07
51.0 7.912987875359681e-07 1.0636728068665303e-07
59.0 1.1198617101435417e-06 1.3657754101866463e-07
68.0 1.275458039992625e-06 6.100334991355585e-09
79.0 1.7152882566627102e-06 1.8693734729391907e-07
92.0 1.8900946909245665e-06 1.611873603574849e-07
106.0 1.4231085778282134e-06 1.3466626883753325e-08
114.0 1.0266442748194573e-06 1.2856764681582198e-08
122.0 9.310748686631548e-07 4.893116246041411e-08
142.0 3.203492221627749e-06 1.1325736377855273e-07
169.0 1.3142331449599158e-05 3.2839758371376023e-06
194.0 2.3998080153587712e-05 5.996585587900171e-06
