12.0 1.8165556396764621e-06 1.3972836569616396e-07
15.0 1.6935892386685874e-06 6.693803883395723e-08
21.0 1.7971716e-06 4.309338e-08
25.0 1.8262902999028245e-06 9.133141775734329e-08
32.0 2.213962402234971e-06 1.062828056778794e-07
38.0 2.3522287587774166e-06 2.9034055371837016e-07
44.0 2.401861135310399e-06 1.0079232280691005e-07
51.0 2.9374650605454894e-06 1.6773499145950924e-07
59.0 3.3774192305164806e-06 1.9974671523995887e-07
68.0 3.6736191386991868e-06 8.295486580870212e-08
79.0 4.857024735175176e-06 4.0252845059792964e-07
92.0 4.723665564478035e-06 6.813227673064969e-07
106.0 5.266653396158526e-06 1.198592618974839e-06
114.0 4.445377959121609e-06 3.390849840198239e-07
122.0 4.620518088164408e-06 3.708363341334732e-07
169.0 9.025270758122744e-06 1.3017692223717093e-06
