12.0 4.084478019212309e-06 1.3216677284544148e-06
15.0 3.0703589273649865e-06 5.361505665739895e-07
21.0 1.95645e-06 1.07786266e-07
25.0 2.4462881469323882e-06 4.4388526347223623e-07
32.0 3.7029055210775994e-06 5.206345177932201e-07
38.0 2.5810852728902283e-06 1.7691885230359883e-07
44.0 2.8455343469039718e-06 2.125696286311965e-07
51.0 3.675731774628573e-06 8.759592176870944e-07
59.0 5.188903517433998e-06 2.92704521426692e-06
68.0 5.81874665547202e-06 2.406231331568927e-06
79.0 1.0928802410903008e-05 1.0179282157983717e-06
92.0 7.843446047241537e-06 4.9213779119947064e-08
106.0 4.139072847682119e-06 1.7135608349467605e-06
114.0 5.170630816959669e-06 2.140622015114464e-06
122.0 8.750783627947167e-06 3.1242416672895812e-06
169.0 1.3910140492418974e-05 5.758746664670154e-06
