12.0 1.7267957545675184e-06 9.214226272340492e-08
15.0 1.7065225044924787e-06 6.801059064803283e-08
21.0 1.702592e-06 1.452685e-07
25.0 1.9764327042971085e-06 2.295549059476072e-07
32.0 1.9028213750857572e-06 4.2419635426284165e-08
38.0 1.969664034153632e-06 8.716133608351434e-08
44.0 2.172186799031364e-06 8.582430222968893e-08
51.0 2.729915752689074e-06 2.1212444885999246e-07
59.0 2.8972907656895154e-06 1.1320164579204302e-07
68.0 3.710076548229562e-06 2.7616780980322685e-07
79.0 3.975641441049169e-06 3.1682980610695913e-07
92.0 4.899165525961867e-06 2.501650610618198e-07
106.0 4.56946420579414e-06 7.306132809629758e-08
114.0 4.11267172799019e-06 2.5939661093151823e-07
122.0 5.328857962933594e-06 5.248060443781483e-07
142.0 5.44069640914037e-06 6.530652143267937e-07
169.0 8.032128514056226e-06 9.641235854880698e-07
