12.0 2.5851493286638627e-06 8.596256599349129e-07
15.0 2.2122299740943983e-06 3.1962591898456264e-07
21.0 1.99699e-06 1.224304e-07
25.0 2.5555524070943463e-06 1.8490532914752477e-07
32.0 2.4311690483011093e-06 1.2984804762028334e-07
38.0 2.376173795505503e-06 1.567982707079803e-07
44.0 2.4210988909320102e-06 2.8160381177069234e-07
51.0 3.038294153278409e-06 2.4577809631108174e-07
59.0 3.1898468362986765e-06 6.663319341236739e-08
68.0 3.671234862503471e-06 2.1947075486402e-07
79.0 4.06085041665317e-06 1.5336800164348948e-07
92.0 4.582006926315114e-06 7.235806503947812e-08
106.0 5.317172660060822e-06 5.180715518089388e-07
114.0 4.658642899184848e-06 2.011118070575985e-07
122.0 5.104064355281172e-06 4.7565576113683255e-07
142.0 5.1356238054701264e-06 3.6123858008380746e-07
169.0 8.764828181241138e-06 8.970075675511314e-07
194.0 1.3525816e-05 1.4397632e-06
246.0 2.0807324178110695e-05 3.6399464629710422e-06
