12.0 6.785336785375218e-08 8.731103462904846e-09
15.0 5.805863808639116e-08 4.2285859279247015e-09
21.0 5.38052e-08 1.09419e-09
25.0 5.576546920026373e-08 2.89066341534518e-09
32.0 6.013658031253847e-08 2.7731407972485165e-09
38.0 6.298009260854341e-08 3.0708191741952224e-09
44.0 6.579958240243999e-08 2.693125171729151e-09
51.0 7.698359867344684e-08 1.78565766052514e-09
59.0 8.779073226297383e-08 2.9034824772106765e-09
68.0 1.0704951342632644e-07 3.98437404158247e-09
79.0 1.2203448993731204e-07 3.450816080297766e-09
92.0 1.2530604155580752e-07 3.4101133772872675e-09
106.0 1.0680012923136796e-07 7.001043067310254e-09
114.0 9.232188058002865e-08 3.833392930704514e-09
122.0 8.781553965267706e-08 3.4803949949442313e-09
142.0 2.0073924689742588e-07 1.5962082740818636e-08
169.0 1.032424815013087e-06 8.902858859799278e-08
194.0 2.76303e-06 3.4932e-07
246.0 1.1142504002807682e-05 8.364131030859458e-07
295.0 2.436494560472514e-05 7.35456001700564e-07