12.0 3.818040038770706e-09 4.445513311032865e-11
14.0 4.3306477692946e-09 8.4363268233011e-11
17.0 5.189414e-09 1.2024775186395028e-09
21.0 3.5587916935755e-09 1.7812908370399e-10
25.0 3.1118590609867e-09 2.4159499669275e-10
28.0 3.1172069825436408e-09 7.223110966777384e-10
33.0 7.5108579376452e-09 1.0215652705459e-09
38.0 7.628378613824586e-09 3.3974887621525554e-10
44.0 8.634752778173744e-09 2.4003388130864626e-09
51.0 1.8414126335637963e-08 2.7007385292269015e-09
59.0 2.7236300490444097e-08 5.964230718055242e-09
68.0 4.39801491099124e-08 1.229447103640162e-08
79.0 5.3731948671118555e-08 7.392745705409565e-09
92.0 5.6250881113053193e-08 6.721411078382566e-09
107.0 4.0572435398032e-08 1.5860806222038e-09
114.0 2.4473355357869022e-08 2.3004063556517285e-09
122.0 2.2465751232315473e-08 2.140547980282953e-09
142.0 1.2894505961966116e-07 1.1228755911597596e-08
169.0 9.922048327089521e-07 2.732975717456164e-07
194.0 2.9904987964248115e-06 5.364123401658858e-08
246.0 1.0918748770411176e-05 1.868975014755066e-06
295.0 2.1809836485904422e-05 3.8279556025625367e-07
